6915
5569
5631
8010
7417
5538
8962
3126
9145
1797
3059
1408
7115
2678
3797
9809
2525
1990
7652
5582
8388
4859
6000
3751
2186
6511
6920
1468
9916
8456
5074
3936
4469
3256
2020
2116
2817
6160
9121
9630
4146
3389
1774
5960
2353
3700
8120
9413
1551
3641
9457
1013
2552
6223
1376
4046
7138
8353
8042
6149
2413
4067
4541
7254
6876
7930
9030
2291
1433
4124
1709
8308
1706
9281
7862
5060
1407
7874
9616
7883
5921
1042
3332
2074
8927
7626
5434
1965
9006
5245
9569
8146
1853
2954
5238
6262
9470
7686
6311
5235
7457
3279
9505
7304
6294
2847
3898
2693
6118
1858
5775
6109
4511
6161
6889
6708
4548
1438
9377
8460
3500
2779
4354
4782
6376
4493
8717
9533
7533
2649
4785
2769
3862
4572
2038
5103
2789
8645
8158
7881
6710
2830
9946
8697
1545
7273
3089
9626
6355
4935
6297
3973
2059
7003
4131
1287
1278
5076
9343
6203
8846
6034
4982
2080
3596
9011
2657
4217
6528
8494
3490
6202
8386
7095
8739
3709
4216
8945
9707
9231
5169
8401
2280
3750
9032
7634
7820
5901
1970
6120
9229
7402
3125
4887
8867
8153
3739
7895
4942
5334
6060
3398
1819
7201
6595
6080
6144
8676
4461
2208
4683
2273
1265
3277
8715
2218
1691
8914
5379
1911
8766
3167
8708
6552
1349
4061
5265
5062
9354
1037
4372
1036
3904
5090
7060
9107
5243
2470
1444
2591
8700
7433
2006
8270
7267
1718
6955
9162
3261
7483
9950
4119
4867
2061
2603
2277
6749
8044
1515
9974
5835
8260
9284
6929
3086
1263
8077
3051
1306
2969
4070
2369
5623
3629
9844
5539
3146
2352
3352
8584
5024
6180
2551
9863
3262
3471
6890
9866
3074
6369
9753
2477
5069
6285
5044
8195
8133
2852
6011
5249
1675
4173
2677
8437
4845
8487
5865
7772
4333
1125
7777
4644
9563
2092
8264
1161
8794
2731
7928
7650
3350
5086
3466
4169
6169
4852
1447
7526
9677
4438
6798
5504
8716
6131
5200
3524
6241
7807
1650
8990
1019
5325
5110
9639
1046
9690
3425
5015
3326
8482
2138
2107
2040
2286
4128
7806
6775
7098
4126
6521
6128
4458
4445
1578
7753
8441
9337
2838
1856
3217
9232
2592
7703
7136
9804
8749
4843
4937
7002
5852
1543
2421
2820
8402
5441
5230
1371
7130
4975
1163
2567
9213
7872
5779
7850
6632
2472
9570
4927
5094
6181
6930
8389
9459
4898
8387
7600
3493
1483
6387
2197
6230
9415
6875
5286
6878
9327
3061
8256
3689
6904
2957
3729
1705
1474
7147
3510
1783
3514
3362
7570
3194
4812
8517
5365
9595
4651
1658
6414
1191
1071
7252
6031
4129
8642
6226
3097
8397
8223
1756
2520
9897
3741
4788
5908
5482
6457
8756
9137
5789
1940
4821
3218
7114
6687
6377
4455
7420
1824
2200
3878
7798
8378
2758
9994
8280
2203
3226
3649
8638
5063
3513
9887
5724
9050
6346
1821
5902
2580
3223
1907
9730
1252
1981
3618
5736
7428
8653
7414
4664
7229
7459
2412
9036
7352
4551
5236
4160
4530
6037
4411
5065
8720
7546
4765
7514
5764
9542
9351
1056
6478
3035
9130
6413
4709
6784
8212
9193
5895
9814
7462
3458
2515
2706
6158
9503
4251
5203
9903
5037
5532
7302
2788
3719
6663
6079
1400
8111
5253
2177
5995
3834
5530
3847
7110
2806
1630
8744
7109
7844
7505
9497
9388
2597
4276
5268
4676
3694
7244
9834
3158
4748
2923
8526
3399
3306
1546
9484
4349
7197
4504
1676
8413
1733
8450
1606
5116
3400
7613
9189
1204
9234
7866
9519
2294
9818
1421
9180
3622
8830
5790
2285
2298
7855
4848
7440
5677
1109
2485
2899
3174
3601
2816
4739
9473
6421
8471
5172
5958
4552
9745
5004
7345
6459
9801
8342
6972
1416
7620
9203
1413
2095
6507
4680
1141
7522
2582
7727
8630
6293
6864
3254
8210
6698
3947
4392
5284
4659
6918
8934
4352
5369
3554
7275
7763
2246
4260
4265
6323
9091
5064
2088
3376
3079
4005
9005
5950
9693
5209
5054
9714
6348
6731
3881
6834
2783
8347
4939
5476
9244
1752
6130
7596
7961
2309
9828
1245
4089
7730
3603
1114
7193
4830
2122
9957
1924
3049
7894
6043
4626
1361
3058
5906
4620
1382
3367
7064
6950
6127
7540
8827
8921
3031
8275
5363
8908
6058
6234
3570
4072
9882
2513
5193
3576
9471
1728
1335
3945
2174
6859
7177
8499
2284
1051
1333
4268
3443
2046
9938
9665
3553
2499
3714
1517
1391
1107
2500
8936
8712
9358
2539
4232
6211
6119
7812
3300
3349
9076
9455
1249
6122
9418
2907
5854
5075
3020
5544
4759
1328
5975
5710
3688
1312
1383
2729
8114
6145
9826
8507
2467
1973
4166
1639
2702
6170
8556
2401
4377
4687
5316
3746
5990
4913
1992
3616
9371
7699
3477
4431
3180
3473
5278
3851
3902
9941
4011
7042
5456
4006
8185
3489
5126
9330
7087
4783
3990
8377
3272
1015
7290
1945
3026
4218
3735
7373
5283
2568
1930
3231
7852
7156
6917
7915
9917
3632
2588
2792
5239
1288
5759
5119
7227
5593
3807
8838
5187
6364
2965
6152
6209
8423
5418
1418
1374
1002
5592
8589
5330
3679
5501
5685
2721
1576
1887
8179
3269
9705
7775
2922
8208
9720
3422
9860
2698
9787
1919
6745
9097
9697
7934
8671
9256
4289
6096
6664
7877
6052
3742
3397
3073
5737
4416
5662
1260
3631
7299
5131
7158
4658
7165
6475
7055
5488
4598
9706
2970
3087
8878
6045
8370
9722
8786
2480
6136
3246
1860
6389
1915
4500
4332
3357
9345
9739
9407
3583
5913
9959
4465
3150
5185
7676
6844
9318
6115
6006
9914
3101
5597
1710
1537
4603
6263
2097
2787
9653
8155
7249
4591
7607
5829
5595
6167
9264
7714
7854
5155
9934
6325
9886
4066
3857
5674
6797
2370
2057
2529
1075
8457
4298
6103
8006
9507
1782
8303
6624
4622
8425
4125
9835
9163
5020
2785
3931
6650
7403
9099
5270
2292
9028
6494
4285
6336
8191
4941
8748
7695
2581
1220
3106
2327
8436
1348
5417
6828
7786
9206
3975
7315
2981
5005
6709
7107
7990
7289
2748
1698
1170
3001
7463
5681
5809
6380
9225
6402
3028
3052
6671
6488
2251
5857
4998
7041
7379
6803
4342
6907
5181
8503
1404
2073
2845
4118
9661
7448
8627
7770
9612
1701
7706
2027
2147
9926
5392
3414
3322
9668
1221
5309
1785
2797
9961
5324
9365
8622
1704
9933
1138
3550
3919
4847
4290
4910
6017
7832
1339
6143
2973
5882
3912
3046
4707
7863
6264
3801
8205
1886
3745
5607
7083
9310
5880
2210
9153
7039
8229
3177
5629
8331
9708
2516
9072
9504
3418
1018
7723
2335
3864
2075
3748
3594
4710
4784
1233
6012
2934
5257
1003
5140
1509
8160
9869
2120
5083
8918
1927
8780
7939
5718
5978
8991
1699
7750
3592
1034
1506
5196
7550
2853
6038
1130
6378
4371
7424
2114
5104
8693
7153
8063
5741
9349
5733
9274
8926
5929
1501
5506
9936
1942
4287
9118
3016
2945
6514
8576
1461
4471
3672
2878
2585
7551
4640
1840
9797
1006
8625
6681
5808
1972
9294
7426
7739
7801
7815
8968
8514
4205
5609
4384
7662
8011
4179
6174
3257
1187
1115
2078
1103
6381
1027
9838
4934
8860
2869
5723
4585
4062
9554
1357
3773
4797
3360
6703
5304
2709
8879
9592
9852
9219
9451
7771
2772
5036
9816
5039
1646
3978
4196
4175
5861
4509
1726
6306
6740
1666
1577
5899
6469
7624
2744
4616
8115
8762
2680
4158
9106
9467
1134
7288
9858
7097
9823
7393
5844
6035
1766
5167
6845
3468
3221
2255
1636
8237
3062
2181
6759
1368
6281
5962
1470
4470
3608
8829
2618
8174
2195
3142
4761
1978
7557
4028
8326
4489
5490
8291
4013
9702
1519
8920
2326
4730
3212
6059
6964
9843
9746
7148
8053
4657
1898
1831
6721
2446
1026
8430
3314
2460
8567
5073
4273
2418
6310
4454
3798
1623
6757
9684
8890
4082
3117
1740
1266
2437
8801
5660
4157
3519
7293
3232
3839
9167
7569
6444
8352
8276
2214
4422
6684
5654
1761
7503
2262
5944
5508
4728
6500
4995
2281
8809
2939
3930
5018
8755
2355
5600
5212
5188
6734
6547
1127
7687
6744
4902
8888
1269
1012
3438
6819
5933
5841
6614
8284
9812
2926
9226
6270
7219
8834
9535
8880
2321
5641
8252
5306
2249
6384
4568
6415
1327
6593
8149
4304
1116
3320
1918
9069
3683
8406
1584
8583
7720
5174
7323
2053
2913
7696
6489
2199
5863
8901
2039
8300
7233
4447
1476
6231
7353
3011
1145
4397
1619
8770
5992
7075
9898
5146
6976
8859
6543
1373
1866
7061
5400
6786
7247
1274
8000
7466
1431
8439
9443
8828
4297
9111
1344
3084
2266
3545
8820
3454
1617
1131
5847
6094
7004
2090
1227
1351
9288
1100
1903
9922
7858
8361
4247
6792
3090
6286
8018
9115
2928
7678
5028
7719
6737
7141
6462
5428
3620
8520
9510
2749
5814
6873
7331
1656
3127
5017
6360
6283
1063
7471
2433
3883
5045
7640
4029
7949
3539
4346
7418
2110
2066
2771
5928
3885
2159
5033
6516
9771
6477
4291
4829
7901
1922
9452
8761
6474
8467
1987
4835
8479
3165
9108
4955
3713
2456
2935
5752
5719
7659
7873
5102
8278
5399
9112
8078
9152
9868
4136
8950
1772
1024
9879
8594
9580
1491
7184
2840
7044
5347
5311
6256
6315
6529
4736
1863
9269
4492
8339
9547
1395
9989
8103
8082
3827
2980
3105
2160
4499
2234
9732
3317
1041
6314
9350
8833
8978
5642
3871
8242
3780
9095
3988
1905
8592
2436
8086
9912
4701
2786
1203
5559
2397
9973
5866
3457
8844
4586
7022
9532
7372
3185
1469
7349
9175
6275
2310
5602
1648
9752
9306
1289
6699
8216
9731
2711
4667
7499
9618
2925
4988
6588
4181
4319
9436
8337
8116
8492
1971
7742
6108
6836
3811
9924
4270
1137
1106
6010
3501
4579
3178
7966
6677
9170
3280
8314
9985
1000
8277
4341
2625
9013
3018
5796
6874
7622
7865
7026
5416
8900
2343
1093
2781
7152
5533
5206
9258
8621
9465
5911
2268
5563
3939
3308
8323
1297
9124
2094
9242
9733
6222
1641
7756
5588
3685
1805
5888
9615
9604
6810
6869
7515
6536
9901
5364
6485
4819
2424
1151
3731
8324
3162
9057
7513
4057
2670
6379
5930
5782
7047
7935
3047
8269
4498
8670
1422
6464
7172
1426
5509
6602
5413
9849
6125
4834
9711
6764
9522
9937
7365
1366
8084
2860
4693
9606
3856
4625
1453
5831
9211
8533
1471
4350
5753
4989
1379
7103
1016
8554
1723
9297
9493
1356
7296
8069
9481
9083
7781
9907
8104
7427
4071
3943
1534
5149
4184
8173
9894
9906
9056
9279
1370
9104
3860
9079
9513
5057
5139
8398
2409
7361
1951
4086
5923
2991
8438
9068
2958
6098
6343
4133
7627
8183
1588
3967
2198
7709
3017
1955
5912
5406
6977
5273
7838
3502
5653
9837
1800
8221
8404
7567
2557
6184
3863
4925
7099
7856
7067
6887
3578
1054
6002
9850
8816
9948
9940
7194
7724
7190
1494
8091
1949
1850
6067
3600
8400
2522
7221
7316
9176
6572
7574
3774
8568
3196
3456
2176
8822
1568
4041
1830
8985
7479
3496
7517
5161
7504
4099
6533
3032
7734
7728
1209
9546
5980
9322
7145
1189
2423
3044
2985
9529
7800
2759
4760
4144
2487
3767
5762
6586
5871
5657
4138
1773
3579
4364
5709
5448
6655
9840
8257
7017
1892
3511
5305
4764
9524
3179
1239
9650
6772
6569
3163
2631
8689
5085
6455
2237
6582
7322
3841
4121
5640
9622
5590
4741
1668
9667
7279
6430
3681
1513
8028
2966
9811
2240
3764
1556
5751
8348
6701
1279
1477
7338
1448
1240
2589
2549
9928
8877
1286
3132
1120
6807
8609
2837
8854
2384
7612
9372
8075
8881
3517
4123
1741
6780
5708
5792
2745
3460
9096
4724
6524
7795
5732
2974
7523
2297
5294
9087
5661
1867
7080
5367
3128
5323
4881
7908
9757
4383
6484
5522
5773
4746
6342
8050
4726
4543
8754
8971
6347
2664
5470
5471
7023
6791
8130
8659
6969
7761
4300
4879
1523
9314
4749
1341
4536
1846
4154
1319
1133
7204
5581
5955
3310
5579
8317
4208
2307
5856
2323
8382
2410
2163
7016
6092
5078
2191
2683
2732
4703
8166
1498
8020
4558
6858
7511
6914
7702
7490
2949
1473
2530
1292
6499
5127
3634
8263
4510
4376
6266
8462
7334
2661
4972
5492
3449
5162
7400
8800
8500
6645
3696
8253
8341
2430
8340
3042
6785
1364
2400
3251
4833
7437
8137
5144
7385
4562
3348
2915
5632
5967
4899
5151
3845
7043
3924
3590
5777
8785
4810
7957
6897
3444
8396
8163
1649
8161
9347
3259
6232
6984
7825
1547
9820
1173
5465
3770
3156
5464
2839
4632
6452
8014
7376
7058
3380
4980
9357
2655
9384
1642
5830
3428
5370
3876
4483
3114
7161
9335
7831
8866
7921
5693
5823
2883
9556
2111
7126
4197
5201
3294
2579
7534
2606
2220
9393
5153
3066
2634
3037
3605
2219
2943
9605
3611
3123
5938
5573
2278
4328
3063
6777
1403
8283
6274
9945
4282
6817
5873
8718
7423
1736
1030
6808
3040
1762
4871
9741
5604
2902
4316
9672
4145
3646
4627
9545
4985
9713
2299
5421
1609
3506
1833
3354
5937
4478
3361
6495
9253
6942
1654
4885
5436
5435
9363
6276
7740
4526
6062
4033
4654
9147
1574
2476
5565
6763
1564
2043
4442
4752
1375
7655
9194
3651
1242
9523
2753
9066
3783
2982
4363
5173
9998
2532
5058
8434
2293
7813
2015
9861
5783
5621
1712
3093
8876
9164
1573
1080
4477
8639
9520
5815
3933
8745
1256
1412
4322
5645
5514
1231
1309
6265
2112
2451
1664
1059
6382
5402
8743
8602
8464
6674
1443
3695
5584
5801
9420
3027
5648
9406
4219
9423
6782
4142
8247
5540
1533
6575
6207
8662
5424
4721
9248
1814
5389
9412
9122
4307
4576
7845
8228
8496
5964
9117
9648
3229
4090
7829
1067
8651
1594
7992
6908
9387
5453
6074
3355
6235
3717
4619
3771
4036
1394
4103
8555
3324
6526
9795
8559
2609
2658
2305
7246
1792
2863
7861
3343
3253
5342
5223
5395
5297
8222
7635
8157
4390
9671
2212
4308
2258
3711
6854
7735
4601
1707
2055
3503
7438
1091
6138
7346
6246
6617
3323
9268
2968
8557
9040
4984
8753
1303
9133
3558
5750
1001
1604
9782
6200
1806
5981
7386
4059
4301
5804
5211
3151
5293
5686
4805
8271
9544
9486
7354
2862
7465
4712
5446
9401
7548
1754
7653
3010
4950
8358
4448
2031
9587
9726
6657
7938
9366
6192
8826
2123
6550
6729
5427
8262
1377
5658
4507
9380
7760
3874
2263
2887
4292
5423
7262
6476
1841
6718
5812
2050
9397
6140
9250
2317
9033
6171
9567
9016
7389
9695
5176
3005
8470
2895
6743
8097
2936
1531
6932
3884
7144
8036
4734
1625
5099
2473
8746
5959
1234
5725
7134
8013
7446
6924
9643
7380
2126
5543
1039
7319
3829
2379
5454
5659
4577
9012
5344
6672
1248
6867
1185
7487
6592
1149
3385
5754
5132
3170
5780
3302
8775
2802
7746
6596
4849
1197
6155
1753
2717
4388
3439
5656
8362
7368
7119
4413
7370
7265
4566
2207
6891
4460
1437
5897
8367
6706
6965
7993
7869
8692
2777
8094
6871
3816
7272
1048
9964
7558
3536
3222
1934
6410
2272
2891
9716
2462
5917
1415
5706
9048
5458
7476
3274
3250
2754
2672
4803
4092
2407
3342
4031
6991
2879
3551
1280
5276
9999
5920
2221
6919
9488
4198
8686
1660
7268
3033
3785
8839
2232
2708
4162
8959
4960
7313
3673
1088
8596
9600
7325
4412
2997
2047
8443
7383
4836
2247
6008
1084
3843
1884
1689
8825
4602
3642
3225
8857
1101
2395
6879
4916
5589
2158
3838
3697
4745
4400
8117
4780
6164
6075
6407
8612
8582
9578
8313
8751
3572
5285
2322
3007
4299
4018
3895
3082
7206
8606
1622
8056
9480
5826
5945
1159
3487
4443
6093
4742
7955
4085
2882
9734
1155
2167
6028
4570
4864
1651
2380
4258
7456
7619
1144
1932
6738
6769
2763
1742
3469
4410
5175
9575
7343
4886
1812
9930
4284
6606
9997
6642
1160
1832
7461
7360
6652
3336
3441
3736
6513
5529
8411
8777
7608
5096
2955
4722
6104
3313
6431
4261
3166
9640
1414
9557
5870
3795
5361
7215
7031
6367
2811
8419
4367
3249
3019
7936
7882
2029
1352
3905
5716
2746
7333
7404
1757
1322
4882
4387
3720
1311
1224
3969
6491
3635
7666
7547
1423
6253
3981
2865
4038
2545
4195
9128
6641
5040
5879
1268
2244
4521
4386
4931
6460
7664
2900
1428
4318
9981
1770
3072
1184
5868
5620
1194
9784
9649
5889
9774
5263
2306
6196
4587
6328
5941
7212
2127
5147
4143
1614
1124
8241
2033
5730
4798
3476
5051
8898
7377
2193
1873
8384
2333
8345
3866
7606
9414
8316
9485
2874
7050
3571
4938
9067
2826
5721
1237
2517
4804
2452
4207
2909
5634
8528
7451
4766
8943
1516
2438
1900
9670
6175
9790
4050
6411
1935
3899
7835
1257
1520
3877
8449
2827
9201
3060
9839
2766
7582
1087
9845
3075
3516
5548
9793
6956
5109
7920
8366
5891
3633
8524
7779
8795
8981
9127
2308
3972
9381
6532
3525
2628
3265
7853
4264
8643
8679
6129
5426
1717
2601
7037
4027
3285
6551
6304
8281
6802
4226
7382
6300
3584
4624
3835
6647
5129
6299
4996
3776
1580
3370
2149
8484
9512
1062
6331
7823
7951
4860
1261
9775
3346
3291
1243
7217
2994
7188
9368
6365
3663
4903
9899
6213
2641
8565
7759
5761
7506
7045
1807
6166
2633
4327
4565
1881
9769
5014
1162
5450
1692
4324
3544
5931
2171
2030
5918
8486
7956
9891
2483
1111
6159
1729
7544
9836
9538
3039
6842
1875
4449
6218
5179
2652
5704
2270
4418
8391
2599
4210
1920
7639
3979
9081
8974
6553
6014
9872
4880
2886
2131
6463
5461
8925
3014
3358
9991
4717
6899
1524
7281
8235
3879
3951
9282
6461
5143
1895
2993
4688
5009
1758
2320
2596
8682
1995
8472
6220
3542
5553
9286
2829
7804
3823
8648
8805
6357
7726
4708
2340
7072
8410
2351
7782
9424
3002
2831
9037
2399
9873
4240
2444
6790
3821
9624
5572
6822
7124
5496
1621
4772
1211
3599
7736
2941
2703
2850
1560
2611
4274
7896
5680
1844
2583
2233
2345
2093
8023
5183
7738
9779
2359
6163
2475
1273
4326
6814
3887
1610
1745
5810
8850
9475
1851
2052
5182
4814
8435
6944
4296
2373
1475
4021
1906
3533
3577
1687
5248
6855
7033
8760
8493
1206
7614
9762
3664
6301
5322
8952
2064
1154
7474
9608
7603
6277
9421
5079
9983
4827
8644
4539
5447
2366
8453
8980
4172
7226
2173
4357
6504
4338
4593
3575
7907
2989
4065
4538
4559
2431
9405
8711
2318
2003
9190
2275
6441
9065
7305
8265
4311
5225
8522
4695
3598
4255
7879
8118
5984
5939
3675
3529
4617
7436
2489
2554
8123
8626
6132
3192
4340
2940
9209
7654
6835
2774
8628
1282
8939
4336
5177
6973
4345
2651
1536
7011
8886
7091
7485
5486
3791
3692
7923
1347
2498
1554
4188
8446
2194
7741
5803
1872
9432
9748
1136
3512
9613
8177
7910
3233
5558
7849
6249
4799
4727
7585
4153
2134
6678
6841
4496
1486
2971
2009
6146
9001
9750
4567
5343
3453
9427
7086
6618
3753
6428
3377
4107
8851
2896
5208
4091
9662
5860
5883
9257
2206
3784
4353
9290
3882
7527
4484
5778
3712
7214
9239
1345
8407
2780
2690
6393
3023
8465
5010
3796
1146
3371
9855
2257
8961
3098
9267
9169
1828
9737
1999
6829
9952
5684
5562
2842
8100
4403
7255
7692
4156
5487
5568
2722
4152
8773
2202
6117
3036
7665
1180
3961
7318
7310
9831
3520
9489
3989
1673
5093
1029
2422
7028
1251
6900
1557
3732
7731
6419
9724
3412
7826
6758
3068
6361
7817
6742
1449
2737
8440
2141
2334
5822
4795
5221
7480
9761
5026
9003
5220
5876
1720
6036
6846
9228
7587
1472
1582
9207
4918
4356
4524
3430
2800
2096
9579
2866
5924
1007
3173
9135
9577
2724
2441
2880
6695
8955
8792
9196
7078
4246
5121
2179
4231
1295
3494
3610
8896
4574
1878
4314
5394
5032
6724
5217
6522
9617
1724
1072
1721
8152
3907
2224
2696
3214
3639
7785
7859
5008
5717
3056
8211
9464
3790
8495
6635
2656
8473
8186
7516
8452
8803
6847
3916
2242
8992
8412
2983
6610
5622
4917
6779
4713
3854
1859
1078
4358
8546
6668
8608
8215
5601
8725
1205
1816
3837
5228
8924
3299
9214
6303
6340
7167
2347
3859
1790
6712
3369
6296
8586
7070
2448
2148
9296
1450
6165
8664
7407
3749
9446
1798
6005
8537
7981
9956
4697
2099
4485
4051
3334
6050
3498
8758
2201
4286
7223
9794
7007
6787
2486
5628
6860
6752
6809
6630
3069
6962
8946
4052
6259
8534
7183
9262
4962
4193
8543
7303
6585
9710
6308
8214
8536
1835
5566
9539
8703
3891
9007
8922
3540
4652
3705
3318
4571
8333
8953
8319
6605
9165
1678
5999
9143
1293
2663
2222
8776
1683
9525
8875
4912
2931
2627
9385
4263
9136
8184
3480
9590
1989
1315
6073
3687
5726
6403
5675
1419
4649
6570
2602
7940
6053
5806
6992
1038
6082
9582
9635
6450
8633
6823
2725
4407
9395
1367
1073
7470
8672
8067
8480
5827
5745
6420
6472
5314
6439
8987
3161
1624
1499
2537
8336
7399
2791
5134
1925
7208
6063
2416
3353
7784
1492
3886
1913
3295
5510
4271
7539
6195
2854
2007
6644
2730
8198
1031
3368
7667
4280
6405
4266
4359
9658
5307
9896
4685
2404
1313
4968
1626
7623
7713
6563
1321
2211
2106
5886
8951
6927
6680
6559
1490
7698
3484
2225
4633
6611
9184
1948
6661
5766
7749
1168
5475
1165
2908
1877
3766
4802
5688
9921
8359
3245
1921
4656
8913
1317
5296
2165
8842
7374
6818
5851
2805
4706
5136
6837
4650
6215
7191
5774
6966
7237
1843
6827
4936
9574
9791
8650
2235
8312
1384
2170
1732
4237
2192
2675
6350
1452
8587
9187
2921
9428
4048
7040
4420
5455
3455
2621
5491
7106
1657
5953
3654
5340
6603
4609
1975
1085
8182
9892
7443
9317
3041
6394
8508
2674
8902
6113
6436
3195
4391
3472
4426
6865
2937
1760
1667
9629
9142
1152
6091
1572
2182
5869
9046
5247
4360
3703
2519
8039
6952
2358
2723
5106
4224
1952
2169
1827
9308
2453
7960
7535
2479
6150
9399
5335
6560
2888
8132
9078
2563
6957
1213
6589
9325
7357
4074
7601
8376
9846
1388
9259
8858
5973
3565
9920
9987
1794
3586
2547
9521
4004
9506
3984
8598
5672
8226
8940
4096
6856
3467
8986
5842
5971
4022
3848
8475
6345
1825
5279
7102
6565
3820
3526
9694
3136
7089
4323
6885
4953
6470
2956
3278
9158
8302
6530
7889
9644
5377
9243
3702
5712
8581
6982
7584
1799
2942
7335
7708
3606
6676
1201
4482
2185
3619
2189
8085
2614
4437
2751
1681
4753
8224
2378
2356
9636
9712
4940
6099
6185
5251
2773
8140
6298
1864
1946
4088
8545
8442
4212
3958
5650
3423
4032
6366
3555
4023
7018
6892
3656
6049
1750
1910
8444
5625
6046
1682
4453
2897
7283
5338
2157
1926
2767
5422
4267
2005
7875
5376
2250
9751
1182
1488
2561
8188
2947
7496
6490
9637
7571
4823
9682
5763
4100
1123
3918
3953
1525
5401
7185
8564
6561
5444
6937
1023
4822
6517
1803
9953
2807
2679
7597
7911
9230
3403
8553
7094
5666
4415
5691
8535
5791
8742
8304
1586
4429
9565
1632
1397
9212
7987
2469
8334
1865
8539
6040
2360
3335
1314
6026
6656
4490
5133
6312
8099
5414
7649
6341
6616
6884
3518
5807
9498
5157
5989
2963
3625
6660
8088
5393
9155
9796
3479
2226
5433
9949
8145
5701
2329
7171
3678
2765
7401
2341
1708
7257
2524
6715
4992
4025
5893
5776
8009
6434
6168
7213
6947
9581
3492
1104
4718
2742
7269
7914
9304
5378
5585
2018
3057
9445
4563
6750
4828
9881
5007
8527
6425
5337
4134
5358
7259
4520
8804
9865
9995
3977
6352
5164
6247
6700
6693
3169
7429
8774
9721
7892
1495
2543
8750
3974
6910
7128
7082
4283
3187
9756
4427
1647
6148
5505
9460
1538
4983
8055
9138
2623
6741
4924
8604
4406
4926
1565
8752
3560
7015
5233
2815
9054
9990
6995
7729
5993
3781
8279
5189
1121
2736
3966
7744
9740
3065
8272
3666
2265
9572
4174
4423
1462
7341
4636
2048
5186
6971
5319
4773
3955
6438
9360
6177
9216
3954
2387
6157
9527
7492
5561
3906
1670
9923
1527
1779
9320
7521
5089
8393
2014
9191
7755
9979
9558
2081
8318
6466
8372
3789
9071
2904
8729
3276
7839
1938
1518
5748
4093
8468
7700
4214
7965
3941
5996
6370
3099
1432
6872
4035
6078
7683
9767
7890
5068
1358
7811
7264
6781
8090
1562
5346
8102
7997
1777
1839
6287
2115
9431
1253
1811
8636
7674
7025
5112
1628
3522
8399
2629
7010
1569
8629
4164
6030
1258
9698
6544
2434
8713
2959
8903
9666
9321
2873
9433
2103
7391
5916
4537
7442
1570
5619
3182
3401
4508
3686
8597
5420
1010
5521
3204
2079
8523
5290
6512
1009
9476
4556
4862
7851
4809
7350
6990
8907
9500
9808
6332
2012
6564
3710
4277
7068
6576
1696
7972
2022
2590
3568
2617
1369
2946
2950
2411
5381
8738
6853
7819
8095
3669
3547
2848
2108
5936
5107
1497
9149
1751
9742
1193
4897
2565
6938
6368
8029
1891
1943
5793
3447
7472
3159
9392
2213
9119
5934
2154
4774
4990
6901
3727
1102
9817
2666
3897
3861
1117
4009
8575
3968
3446
3805
3986
4529
1638
3908
6013
7207
5707
4213
2324
3238
6804
3850
8812
5070
1801
1424
6571
7309
6619
3345
2867
5713
3393
4528
6882
4043
4441
8585
4515
4433
5380
5123
5390
1961
8189
2152
3211
9333
8815
9691
1595
9870
7342
7694
2504
5966
3070
1532
1264
4110
6998
4337
9109
3865
8519
4331
5101
1175
7669
1096
8768
2105
3012
8394
4952
9092
2638
1894
3366
2252
3331
2331
3846
9367
6531
6945
8405
8726
1644
8788
9878
2274
5673
8683
7986
6482
5694
1889
3365
1330
4581
9851
3143
7159
5150
4269
4060
2768
2687
9323
2738
7633
2762
3420
3497
7646
4165
3910
8351
3721
9993
7959
8374
2415
8513
4395
8678
9440
1108
5667
8551
3515
3532
1966
4698
9373
4731
2632
4253
2109
7340
6894
9555
6406
8909
2707
5067
7312
7164
9900
5819
8259
2747
3991
6244
5613
4540
4281
6637
5327
6628
8180
1947
8068
4002
2917
9908
4781
4959
5903
8328
7644
9927
9982
2833
4854
7847
2538
1083
6776
7978
6615
3140
2491
4704
9285
2684
3747
9009
9502
7329
7591
9859
4546
3364
1219
4083
2864
6726
3802
1904
8488
2403
1869
9289
2518
3935
7111
1177
6480
5299
7868
2650
3772
3190
5644
5302
7950
8481
2388
9687
7991
2011
5699
4663
5295
7051
6302
3478
5976
7880
7843
6673
1456
2858
2402
1128
8274
7776
9688
5438
4398
6795
1789
2790
3752
1725
1454
2100
6084
5665
6252
6525
9537
9847
7704
4517
3521
3738
1769
4793
4906
3997
4235
6473
6424
4623
4177
4228
7008
5743
2145
3283
8083
3929
9235
3386
4929
7758
6813
5727
6375
4098
5329
1055
5731
4668
9678
8040
2248
4661
6401
2705
2168
9508
7531
7840
6197
4792
8071
8548
2665
9874
1350
8187
2610
7673
2230
5926
9955
6943
5541
2481
8892
9971
5289
5956
7747
6739
9641
8162
7737
7202
9978
5190
8107
2635
8640
8915
2144
6746
5520
3275
4876
5038
8501
2903
8814
8967
1372
6106
8989
2851
5858
5639
7520
2704
8395
6225
5839
3993
9944
2822
8136
8433
9039
1585
5646
3327
2264
1633
9620
4779
1637
7092
2612
4079
6423
9718
3793
7024
5772
3940
3724
6505
9192
8113
7797
6535
1719
9309
9376
7945
3100
4957
2458
2673
7434
5409
5820
9089
5440
4215
3595
9273
7657
1808
5135
5949
5729
8855
3463
7532
7545
7495
8570
6863
9292
7510
2654
7774
5000
8301
1065
1539
6210
1605
9430
1217
7663
9026
9692
6371
8549
7980
9295
3607
6400
2474
7621
9976
3427
4747
8705
1767
6666
2669
8213
1880
3138
3421
7710
1528
8363
7048
7757
8695
1218
5260
1455
2056
7104
1540
5915
3406
4001
8759
1340
4981
7192
6765
6280
2576
7675
6996
6095
1389
4756
9477
9287
9776
5152
4073
5163
4806
8170
8530
1135
1967
3347
1944
8932
4777
3655
3203
6959
6751
8772
6242
3207
8813
1050
6290
8357
2077
5836
6646
3677
7885
3102
3405
8296
2184
7239
8566
8733
5387
8134
4605
4754
9015
6806
3024
4518
1070
9854
5527
9134
2986
1587
8286
5046
9597
7285
6923
3213
9803
3312
7789
7326
8001
1183
8156
5740
6205
5313
5787
2449
1968
8240
6429
4769
9531
6931
8937
7586
2814
1353
9913
4895
6333
5564
7455
5359
8154
5442
6921
6556
5904
7337
6326
4393
1635
3523
8798
3949
9501
5391
9646
3630
4047
7805
2465
9589
1510
6800
3474
9571
9807
9619
6447
2209
5947
2720
6001
6954
5331
8970
8220
8691
2990
4497
4954
8563
5768
5321
9549
4446
3556
5452
9041
9355
5817
6189
8737
4419
9765
3960
8999
5769
9478
5986
2819
5333
3999
2691
1318
1044
3538
4229
7220
5117
7034
3723
8251
7203
6980
8702
6683
8832
5199
4808
4211
5840
1430
8175
6173
5788
8392
2296
4874
5862
5605
9853
6250
1598
9947
8677
2952
1882
5006
5552
8019
3900
4757
7944
4856
3693
1715
7946
9110
8290
3379
7406
9884
4310
1230
6670
1983
6916
9251
3928
1171
2054
4588
5080
6245
7530
1329
8037
4479
9077
4444
9173
9825
3566
9278
6898
1082
3894
8993
8882
6229
6398
4293
1505
4203
9984
6725
5197
3665
1643
7163
5466
1842
5744
2834
8416
4900
2575
6883
9280
2282
3901
1047
6839
8505
6153
9453
9969
3288
7430
1092
2070
8003
4109
2243
5834
4675
8058
6493
4889
2885
7632
2699
6870
6928
3832
3964
1929
1028
1113
2713
9919
4735
9514
4519
7947
7351
8856
5972
4946
8061
3617
1778
6773
7988
5979
7891
1893
5052
1147
2482
5643
6696
7445
6212
9270
2803
9517
5288
7701
3704
4313
1749
7617
1235
5551
7477
8418
6260
5261
3147
7888
8658
6427
1126
6426
8694
8332
6631
1355
1964
9566
6689
5877
4063
8497
8928
2514
1571
8076
1485
3965
6399
7170
8572
1445
9148
1225
9799
6305
8958
8232
3215
1439
4045
2881
3602
8954
4168
3758
2857
9341
5951
1202
4909
9019
2692
1508
8217
8919
1674
9090
5954
3139
3778
1826
4378
4303
9482
1669
9889
4003
1503
9438
8818
1043
3893
1095
4978
5224
7390
3853
1693
4494
1685
6064
2129
3612
5259
1781
4905
5833
8654
4554
6963
7766
3281
7867
8024
7411
6515
4132
3769
1980
5354
7467
3448
4547
5254
3241
5281
7199
7421
9378
5560
4306
9326
4309
8427
1847
3311
4560
3292
8148
8016
4578
5408
8957
5210
3043
6881
6251
6432
6686
5970
4457
3085
9815
4170
3650
8796
3824
1229
5948
1855
7611
2523
9303
9063
8631
7836
4800
1427
7371
2414
3621
8081
3870
9125
5864
2804
3381
1380
1908
9166
8944
4417
5507
9902
5818
9676
8929
6609
8685
6629
9236
4480
4732
8821
1464
8110
7765
5825
5503
2478
4606
5205
2620
4604
6936
7537
9171
7886
7827
8558
2828
1053
8616
9623
6172
1640
7355
2637
7783
8905
4408
9910
9044
5168
7162
1581
7332
7973
2361
3258
4227
4671
4839
5056
7658
1963
2495
6906
7387
7745
2823
6051
8246
1607
3996
3527
7536
9915
6986
5575
3549
5366
2511
5383
6888
7922
7821
2383
1216
3481
8092
2065
7507
9659
6417
8660
5362
1420
8624
6076
9060
9696
7085
4064
2484
9416
2825
5430
1232
7974
6335
1011
1502
6486
4630
9002
9789
5385
3407
8807
8381
7645
5679
5481
2598
6068
6383
1759
6510
2435
3593
6048
2346
7286
2593
7553
9359
6767
2231
8811
4171
9654
7919
5097
9541
1005
2339
2987
2143
1496
4464
6487
3363
5071
8789
8871
3812
7248
6659
7054
3873
4666
8506
3830
8306
4542
8052
3531
8172
9806
4234
2034
7924
7121
7256
5445
3661
6638
8730
5523
3459
3589
2060
5735
8571
3959
6587
7518
2905
4904
8573
4250
8293
9094
5237
2259
8062
3743
8843
7270
3384
3690
1862
5919
2172
8790
8550
1390
7154
7918
6625
8201
6946
3124
6055
4532
2279
7021
5594
1879
1458
1255
3817
8817
2821
8267
1022
9813
6970
4655
5355
6354
4855
4106
7681
6206
8791
3844
7641
7573
1417
5485
5145
3948
7802
9043
6193
5396
9755
9059
6105
3133
6458
3236
2894
1466
9830
2644
1615
8004
3315
2503
7967
7330
9205
1890
6720
1663
3942
2376
9601
6537
3815
1923
6362
2113
8560
1362
9495
2068
5484
6934
4908
6029
7647
3137
7291
2622
6278
2037
5571
5874
4148
9602
6272
2639
2180
1210
8635
8982
7828
7251
6156
3728
7598
5483
6968
4112
7628
7787
9334
3726
5586
8192
2396
7447
1722
3938
9441
3154
2560
3825
7618
4014
4948
3107
2315
8030
7670
7327
6545
4396
8093
6997
8474
6071
5965
3757
5460
3509
3754
8431
8669
3224
2497
3189
3228
9141
2972
8380
1504
6607
7150
1834
9383
1207
4961
4993
3029
7906
5652
5715
9883
4673
6284
9449
8245
6188
2496
5368
5795
1852
3200
3120
5519
6783
1738
3413
5148
9082
1150
1979
8802
8239
1290
2140
9972
6949
2755
7280
4813
1276
1976
8325
7133
9758
5271
4516
3903
9657
4844
8531
1788
5624
8176
8167
7292
9536
5339
4669
9247
8461
4522
2311
5234
1829
6388
4840
3858
4853
6309
8105
2984
8504
8027
6271
9074
5828
1244
5546
7173
7236
5301
1969
6566
2377
5618
1291
5892
9996
4923
6753
3842
4501
5747
1885
9034
5610
2117
7116
8969
9454
2104
1271
3662
6840
9263
1300
1153
5910
3149
2025
3913
3803
3083
3740
1143
7970
9402
2740
7271
4789
5231
8250
9429
6349
3676
6233
1994
8002
8977
3129
5397
4256
7441
8064
8538
9408
4075
4750
2586
6843
5473
2835
5192
7277
5757
2374
3782
8168
9315
4116
8469
9675
5326
2536
5371
7542
3440
7958
6613
8847
1804
5332
7842
8515
1743
3115
8779
3078
8373
7899
6911
7224
5894
9448
3284
8666
1020
8190
9369
2337
5511
3383
2660
6562
6849
9986
5528
5756
6597
7563
5698
2501
6941
9759
3053
8665
4613
7822
2782
4523
6728
5781
5219
9594
9647
3372
7378
2283
9719
9000
4573
5100
8690
1440
7689
8089
3667
3374
6557
9220
9375
2216
2417
8428
8403
3648
6594
6024
4487
8765
5671
7362
4582
4787
5678
7412
4635
7661
5577
8375
6089
5942
2408
9116
8949
2069
3340
4944
1061
3597
2276
5025
9560
9773
2619
5098
2844
9425
7151
2528
4225
8593
1771
8687
1613
6020
2302
3008
5480
3909
7186
3537
5689
8923
1974
5114
8889
6022
8701
6636
7425
2316
6182
7073
7231
4236
8307
2394
1214
5925
9551
3725
8080
7178
7298
2464
8038
1960
3055
4595
9252
7216
2342
2303
4751
3242
6509
4911
9370
1405
7743
2967
1809
8704
5137
9027
7693
8562
8552
4786
2367
8731
8541
5758
5012
7578
9199
2995
3356
4615
8611
9020
2494
5853
1199
6390
9611
8199
2091
2546
3184
4373
3985
6467
5443
5651
8106
4467
2295
2330
2017
9821
6796
8021
5207
2162
7494
2164
9890
6440
7525
5125
6497
4272
5982
5240
2502
5216
6733
7501
8885
9583
4637
4951
4776
7893
8268
7321
2440
8458
4450
8371
8845
5580
2799
7528
5798
1575
6057
5053
7715
5682
3486
7347
3701
4076
2893
4104
2205
7560
1017
9958
1593
2694
3202
4639
1542
7679
8769
8917
7105
3779
2861
6219
2188
2875
1620
6714
3188
6085
7929
7306
3329
2681
6939
2920
8618
7301
6926
2877
8119
7464
4564
5742
2488
9954
1004
8320
1793
9161
7101
3118
2856
4209
5536
6121
5900
9103
3653
6318
2062
1672
3411
8025
8525
4976
8723
6815
7690
4024
4506
7189
3271
9084
5218
4369
4330
6961
3227
7638
8797
3995
4320
9683
7258
2390
1899
6273
7752
2701
6018
9660
3730
6204
7486
8864
3855
7027
9098
7769
6922
4186
5166
6124
9494
7422
3096
1680
4117
7139
9156
6408
8355
3290
7864
3197
8865
3183
9224
6799
2455
1817
6501
7963
2508
6665
7717
5105
4402
8349
9352
8688
4161
3914
4370
2344
5451
3153
8910
3157
3890
3733
3103
9479
5771
2685
2269
2912
1066
2393
9186
6101
7117
9215
1612
2044
9632
9386
6292
8782
4512
4187
9361
4241
8532
3307
3402
8848
8193
1553
4463
7366
2045
4481
3091
6711
2870
8350
9100
1186
6363
3094
7568
1734
8600
7222
4557
4366
7953
9764
5357
7241
9805
5298
7725
7996
6007
2463
8197
8445
6852
5669
9528
7030
8338
9411
9008
4108
3006
1591
3534
7637
2555
2507
7722
2559
6833
9515
5042
5184
9434
4380
3976
3009
9975
4244
6538
8059
7079
7616
2146
6198
9727
3828
3768
3293
2178
1032
1305
3504
2892
6279
4155
8680
5034
4135
4646
2427
4249
8607
4612
2032
1815
2142
4678
4194
4223
6748
8227
2741
2550
1686
7631
6682
2381
7768
7791
6416
3112
7320
3465
4305
1410
5472
4915
5030
2443
6451
5711
5905
4863
8841
9396
5292
8415
3557
7135
9218
7200
3160
4684
6838
4930
6454
1874
7160
5111
9442
3911
3077
7491
9266
1285
4436
8015
2996
4875
5072
5493
5258
8074
5077
2689
5457
1818
4642
2155
8230
1325
4607
1552
4969
1764
3193
9132
4618
8072
4081
9744
7419
4869
1956
1521
7308
8721
8734
5241
3067
5308
7013
4475
6282
3659
6612
9245
1094
7198
6021
6568
2662
7324
7762
8810
2686
5500
5997
4334
3921
6633
1068
3220
3433
4771
9435
4185
7830
4729
4026
9543
9842
1465
4700
3095
1148
3760
5583
6717
8454
2102
5495
6228
5352
4361
6288
4252
6987
8144
5171
1198
3452
8906
3237
4711
4424
8891
3260
5120
5898
1425
8899
4720
5606
2796
9328
2849
9025
7814
2798
4000
8491
1176
6468
8696
5043
8509
1746
3382
4743
2521
2058
3134
3819
9307
4807
2461
3528
9700
5462
5403
3548
2314
9518
4399
9725
4202
9888
9217
4505
9550
5608
4702
8206
2026
7707
2914
4476
7561
9951
4888
1484
6353
8139
3409
1579
3426
6913
4958
9353
8048
3429
1081
3657
5616
4575
7052
6044
3944
1342
2228
4825
6895
9444
1791
7609
3437
1776
9766
8005
7127
1166
5252
5695
7250
9283
9909
2951
4977
1755
1392
1393
2824
2196
1590
7435
3298
5255
6634
4592
3644
6626
8369
7431
9483
1737
9237
5524
8343
9904
4087
8976
2531
3470
2932
1957
4288
9382
4531
9621
9810
2775
8032
6102
3546
6988
2855
7449
6112
9723
6975
1896
5398
3499
2492
1665
4239
4472
3378
7415
9680
7810
7234
5550
1086
7969
3216
5023
4901
8661
7369
5198
4039
3587
8207
1566
7583
2365
9324
8840
6978
6732
6248
7125
4599
8282
6208
8647
5702
3030
6669
6435
3562
7580
3927
4192
8853
2429
9651
9736
8883
1434
6199
6651
2542
3833
1716
3003
5242
4648
6993
6960
5838
1500
5988
1283
3569
9717
3248
4831
7796
4389
8065
5670
7677
1223
4149
9222
6825
9925
2801
8043
4315
5578
8463
9627
6697
6824
4723
7294
3339
7278
8529
3325
1996
5356
2929
4631
2534
5824
2419
8579
9052
2728
4456
7602
4077
8994
1731
1688
4468
7605
5280
4892
5232
1480
3305
2019
8335
9593
2447
1747
7941
7788
9942
1014
2153
5474
6850
7493
5047
9126
1559
1849
2119
8151
7473
1401
4344
3351
3104
5940
2906
8417
6502
6338
1958
6985
4610
1589
4084
1226
9182
4815
6236
1953
4176
3064
1212
6139
3722
1228
5459
7066
6583
9584
1451
9342
7245
3998
7848
6003
4137
4474
8728
2734
2125
1822
8964
6237
7682
9188
3670
2836
7656
7913
9364
3255
2217
5690
5066
6409
7581
7196
6771
8321
7566
4034
4660
2761
1158
8544
4883
3148
4884
4008
3206
4491
5614
8719
9588
7629
4044
7651
1381
7576
9151
1954
1854
2756
8837
5603
5909
8873
9625
8128
9760
6862
5478
6471
8051
3668
7359
9534
7794
3475
8510
2223
6162
8273
9410
1142
9291
3992
8996
7263
2349
9061
4295
2776
6019
6727
5513
3799
8673
5122
7261
9105
7884
4811
5213
7452
7081
5843
9935
9893
2245
6194
9664
6227
1270
1563
2527
4221
3131
1192
4335
5638
7837
9086
7925
1363
7311
1045
6258
2490
2313
9300
2227
4589
5405
6830
9552
5907
9202
8409
7976
6448
6324
8079
3564
8965
2944
2506
9685
9699
8619
5277
2535
4767
4012
2544
8141
3048
4775
7019
9227
1487
7808
3289
3868
2183
3054
3264
4141
6453
5664
8710
7367
1332
2533
3626
3744
6877
7009
7793
1671
7498
4230
8956
6404
2584
8735
6027
4555
3461
3698
6816
9260
6600
3614
6337
3387
7363
9179
3021
7157
3787
8656
4596
4569
8747
1069
2927
3071
2035
2832
9754
4870
1196
1870
9638
6481
2570
3198
6722
2049
1478
3831
8655
9792
5922
9183
1463
3508
3252
3920
3759
7000
9374
5534
8727
8421
6801
3243
9233
8588
7846
4949
1597
6812
9772
9336
7943
9004
6691
9585
1941
5896
9356
5287
1611
5515
1871
2564
1222
2890
8485
5222
4758
9715
4317
2710
8200
4122
7036
1962
7489
6707
7140
5081
8799
9530
9058
5262
2076
8518
4878
2948
6811
5489
9848
3417
5755
3615
8098
8988
2406
8490
7636
1802
2118
6730
6386
9172
4956
5885
1784
5849
3505
2809
1025
3404
9829
1914
5031
2843
5567
9729
3419
4672
1888
6009
3482
7995
6667
9598
3199
1631
1768
4220
7898
9178
4409
9088
2992
4868
3152
5770
2526
8767
3627
9939
4967
7238
5191
6735
5351
7142
8329
1838
6214
2573
4347
8652
8757
1765
4794
8783
9564
5969
2241
6788
9511
5637
8540
8049
9960
6313
4178
2271
2067
9642
6675
9329
9463
2229
4638
2432
8732
7541
7909
8823
3266
2571
5794
5011
6183
3840
2712
8916
2312
2133
5720
5019
2215
3638
7096
9968
1076
9553
9918
7453
7524
7982
1200
8138
1338
7108
4550
3247
8236
4725
5697
1998
1343
1511
1411
4365
7478
1074
1823
2426
4159
6186
9419
5055
4535
4838
6685
1272
1991
9780
5215
2175
7932
6893
6579
2328
6238
6574
5549
9404
4115
6142
3155
5272
9827
9080
1139
1489
4778
4545
9238
5360
2136
1406
7926
6147
4095
6372
7927
7824
1429
8605
7942
7405
6385
1436
4233
1548
9045
2608
7475
3869
6577
2371
2010
9709
2004
6584
9394
3613
5479
2794
1555
8150
2121
9299
6032
9010
7508
5531
7100
7225
6690
6821
9965
2808
8385
3674
9895
5799
9174
9150
1298
7488
5738
5705
8808
8764
3316
4150
6023
7983
3434
5837
7210
7120
2466
2135
6412
8287
4200
7168
7857
9822
5633
8569
5021
8911
6033
9880
3168
4054
8489
8620
9331
3937
8580
3081
2238
2540
8893
9208
8667
4488
9669
4325
2098
2676
8740
3604
4914
1190
3219
3141
4248
4097
4628
6994
6546
5154
6542
9614
1917
4682
1331
9272
3344
9856
5386
9743
9871
8657
2868
6070
7020
1396
3415
4078
3287
2289
5890
3643
1909
8912
7497
7712
2727
6989
1308
9833
9607
8872
6778
8836
3230
6702
9980
5349
8960
7833
5372
3800
8101
3917
4544
9568
4222
7056
6766
7218
1616
1836
5722
5303
5805
1997
8046
4561
2964
7732
8984
9085
9437
5703
9509
4674
4259
6598
7240
6705
2645
3980
9749
2137
1848
5091
2362
6396
5429
7243
3813
9663
6599
1659
7006
8008
7384
6520
1928
1786
6925
3836
2975
6392
3208
8426
8289
4428
5170
5786
2368
4933
4183
8942
6492
8819
4503
2659
6137
8124
5998
6107
2204
3034
6135
1324
9819
1457
8995
5498
6187
3691
3408
3328
4791
6498
4894
4017
8863
6178
6179
1346
2646
2087
4151
5576
9798
6794
4094
7088
1662
2884
3707
2089
6723
8066
6087
9379
2841
8285
3645
9113
3806
8292
9261
6449
1493
5821
2150
8632
4597
3092
1603
8112
7792
9276
4947
6110
7705
5785
9785
9198
3172
4768
8787
5494
4435
2001
7912
8249
6622
7195
6056
3359
9474
4583
4973
6519
9876
5946
7005
7685
4421
8887
6291
1931
5867
1132
1837
1387
8047
9302
8310
8034
6224
1254
4339
7799
2624
9204
3375
9339
2439
6578
9885
7971
7593
6268
4329
1435
7205
6716
7358
6639
3962
4873
5341
1514
6958
2626
5350
2671
3488
1479
4629
9101
6201
8601
1507
1727
4459
6933
7660
8599
4243
8225
9293
2911
1735
9599
3699
4368
7143
2161
7630
6909
2016
5437
9102
1599
3297
2757
6679
7948
9093
3983
4019
9487
7388
2953
7339
2647
2071
4594
3994
6133
6713
4111
5855
2541
2386
8466
6940
6190
4257
8007
5832
1618
7905
7975
7287
1195
2024
3777
1602
3240
6418
8309
8422
2595
7187
6658
7902
5410
7053
5318
7615
3424
2385
9704
4534
2405
1399
2919
6503
6935
6643
4120
7549
1008
9159
5159
8035
9073
9129
6141
9344
4705
5317
4971
6948
5029
1703
5274
6359
3792
8131
2445
2398
7410
8852
9029
6866
7876
8641
8297
7260
5320
2615
1060
8031
6880
9631
6289
3110
8294
6191
8209
4999
1035
6496
9200
1702
5760
8861
4405
7381
2287
6761
6539
5963
7071
2450
3640
1544
7764
4653
5050
7809
3442
4857
6506
6041
6979
5848
1697
6621
6088
5244
4600
1378
4294
8447
7274
9573
6039
3682
8698
4279
4254
7149
1530
3849
9338
5432
7413
7697
6083
7977
8017
4690
7968
8706
8322
3580
2668
9246
4634
7767
6072
6662
2151
4737
5138
6736
2918
4553
2818
8578
6322
8129
5647
5535
7594
1950
7253
2566
6456
5668
8054
7063
6015
7931
2051
9305
7816
5932
6548
9634
6319
9313
9932
8414
5968
6831
9596
7711
3338
7643
7564
7049
8973
6065
3234
2695
9023
5291
6719
9877
6820
5407
1299
6967
7129
6329
5555
1172
7012
9962
6240
1883
5961
7146
7076
3809
9679
7484
7284
3715
1110
9332
6760
8590
2613
3119
3130
8390
2733
9319
1522
1337
6255
9841
6016
9017
1690
6905
3530
3050
7688
7588
7398
8108
2028
1301
8126
9139
5991
9391
6755
6692
4817
5635
5092
6974
5425
5282
8330
5974
7084
1164
5811
9197
7754
5875
3647
7444
4020
2640
2267
3507
1441
3175
5415
4964
8979
9426
6549
5118
7454
7481
6983
1550
9770
9633
6581
9674
7529
9526
3435
3191
4206
7137
4204
2375
2813
4432
2578
1267
9157
3436
9469
1320
5977
8147
1307
5512
4105
8346
3491
5246
1098
9249
8947
7871
2718
3004
7671
1861
9301
5887
5626
7592
5800
7209
7409
5158
4190
8684
9254
3080
5935
7680
7773
1238
6541
7904
1247
8931
7397
5113
3561
9047
1090
1402
7029
1097
4382
4770
1714
5375
7059
3410
6126
3431
2332
8561
7543
5141
5300
4920
8681
9652
4102
6239
3108
3671
8897
5845
9154
6316
3971
7175
1608
3952
5878
8649
5267
2261
8849
9362
4167
7917
8125
2558
8674
3775
6896
9144
9120
3303
4055
7228
7575
2572
3963
3982
5739
7166
1057
2021
8344
9824
4719
1549
4665
2082
4921
2846
5266
8135
6601
9673
5115
4645
9312
2128
8288
2916
6886
4514
3652
2795
1157
8736
8368
1284
9255
6356
5516
3762
4928
8709
4275
1796
5353
1558
1250
8159
2587
4979
3201
6465
8165
2000
2784
1156
6069
7903
9021
9656
6805
2086
4991
3660
5013
5202
6261
2778
7469
5683
2008
7721
3209
4513
2961
3763
9468
5108
4101
4850
7984
8722
5525
9439
2290
8171
4994
8806
7182
6793
7297
5952
6077
8542
1236
5574
9867
9763
4343
8360
2389
7300
7933
2382
3867
6339
5048
7590
9398
8904
2036
2101
5881
3301
4919
5502
1386
7803
3915
1679
3535
9014
2901
4058
8894
3934
4670
6483
8455
7356
3445
5016
2643
9911
1596
3450
3270
4580
5655
1178
2960
6508
6004
4837
8521
4696
9561
1984
6327
2630
5214
2139
3267
1939
1365
7897
3706
9875
9022
3970
6317
5256
5728
8248
3022
8203
3896
9496
8577
2042
9591
4820
5345
9389
5310
9031
3786
3282
4714
2988
8610
1526
8408
3296
3559
9062
7994
3145
6999
4943
9024
8617
3822
4355
3543
2938
5692
2607
7572
7046
9185
9499
3395
5431
4374
6747
5250
9783
1112
2910
7870
5846
1140
6768
2454
1653
5611
3451
6221
9943
9466
1713
2616
9055
7733
4113
8966
7962
8884
8299
1208
7999
9450
5627
5749
2457
9053
3637
8194
4790
5636
4851
8178
3582
1592
9857
1323
2750
2288
2509
8448
2187
2442
4127
6061
4056
6789
5591
4238
9018
4647
8634
6649
7556
8793
5419
3804
6903
8574
2063
8127
9265
6433
5382
3116
6217
8231
4189
9540
3391
1169
8668
1246
8516
5195
2700
5556
4965
2468
7555
7230
2348
6567
3341
8041
6086
5687
8164
6620
6527
3485
5463
2471
3892
7790
5204
7989
8895
4049
9645
2605
7599
6151
6558
6540
8122
5612
8781
2260
6114
6523
9548
2392
2301
1959
5767
1360
1763
4584
3923
4740
2364
7610
9735
5557
1077
9038
6066
3337
8305
2239
1661
5914
2876
8591
8432
9311
4486
8675
8096
1583
1744
7552
2594
7266
3239
4662
9064
1535
8763
5049
3076
7174
9346
5264
1359
3765
2300
7500
2600
6554
7937
4866
5373
1677
8869
6580
3333
5467
6330
3038
4694
3808
8478
5957
9275
6047
8615
5983
7242
9628
3872
2752
5816
2978
8315
9049
7069
1446
7778
2604
6154
2254
2084
2319
3737
2072
4966
2764
5180
8948
6479
9140
8420
3718
5226
8707
5784
4716
2304
3390
5526
2889
5269
7132
3164
1277
3416
2130
5859
7416
2642
6832
7450
1118
2714
4608
3181
5599
4495
5547
6443
4080
9131
2715
1567
6097
3680
3922
2569
2350
5696
6653
4692
2726
6090
7113
8233
2636
1058
1398
3889
7458
1122
7916
5061
6534
9035
2872
2085
3541
6025
1876
5746
4068
9681
7392
8026
8202
2428
7998
2653
5003
8451
7625
6754
4763
7169
1902
1167
1099
9781
3818
3588
7348
6688
1040
4351
5411
4139
9905
8483
7282
6951
6042
9703
2697
8870
4140
1409
9492
6590
4893
3210
8512
3373
7559
7691
8244
8204
3734
7519
9461
9609
1336
4114
5374
4381
7131
7482
6351
2493
9400
6267
7878
4245
4262
9403
7396
4425
8169
4321
6358
3826
6445
9562
4527
4439
3263
4163
4015
8646
3000
1933
1064
8181
6123
5022
4986
1700
9417
8266
5087
3135
4643
7577
4375
7887
1916
6591
9788
2998
8724
8784
8218
8012
8424
5315
5095
6176
2556
1986
1179
5229
3987
8255
5348
5714
7328
8699
9390
2562
6640
7394
7954
1820
2682
6321
5649
3330
6391
4963
6216
4191
5336
3176
8022
4147
1561
1629
3109
8033
3552
8983
3319
6756
5587
3205
8143
6604
7235
9277
2979
2505
8771
8941
2716
1052
5328
5059
4841
8613
7364
2548
7032
5617
8087
5499
7900
7672
4042
8311
2023
5468
1857
1730
1912
7118
4689
1326
4040
2770
5765
2190
8476
4824
9988
2041
9181
2999
9800
1901
1897
7579
4533
9970
1541
3495
4434
1780
8298
7211
8663
7090
4733
7460
2898
3088
3392
4053
2719
5943
9963
3573
3273
3235
2391
6334
2236
1181
8975
5542
7408
6307
4462
8477
4404
8109
4385
7062
2553
9422
5088
4182
7001
6257
1459
4312
9241
4590
2512
2743
4686
8998
4842
6868
1334
5615
3483
6902
4826
4451
1262
1634
4362
7668
4007
1215
8835
7648
8219
7317
9747
9689
3113
9348
1936
3888
9316
7232
8963
2363
3716
6555
1652
1775
6573
4818
6446
5734
6054
9123
1977
9802
1695
9240
9160
9701
1316
8234
1259
6081
3025
7038
8459
2132
4945
3244
4201
6861
8070
9447
8938
3396
1174
2574
5477
9075
1684
4641
6774
1467
6623
2688
8429
6704
2253
9070
5449
4278
7295
4890
9966
1481
9931
3186
8379
5813
3684
5469
6437
5001
3585
5035
5388
4997
8364
5412
5160
5797
2924
1748
1988
3111
7375
8365
1281
4816
4030
2859
4180
2933
5700
3636
3286
5927
5439
5545
6373
7952
2577
7538
4858
2459
7014
1294
1241
3926
2793
5128
9051
8547
1529
8295
4699
4016
8824
2325
7336
3880
3462
7780
2735
7502
9490
4974
6320
5275
7642
6134
3304
3432
3814
3121
7860
9992
3268
3563
7512
7834
5987
9778
6243
5312
7181
2357
7439
8045
4677
2256
9114
8831
4987
6269
4549
1937
4525
6344
6295
5002
4796
3581
7307
1787
1795
7554
1600
9786
6627
9456
4440
6953
7468
8778
7276
6397
8383
7841
1354
1645
4473
9967
5884
9832
4242
7562
7112
6826
7077
5404
3852
5630
7509
7344
8933
3574
7432
2739
9728
6648
9223
4037
9929
2810
8935
8254
4907
4932
5194
8862
1119
4738
7565
3321
9516
5124
7684
4466
3875
4502
1296
7155
8261
5027
1033
4801
6912
7985
8714
8623
8060
9298
9610
2425
3932
1694
9210
9491
1985
7179
4401
1845
6100
5994
7065
1442
9977
3628
8498
5165
1711
3810
8142
2372
1813
1079
2667
6857
6848
8073
9221
9586
4199
4744
3658
3761
6111
3957
1188
6116
2962
3623
8874
6374
7074
9146
4614
7057
1810
5497
3950
1655
9768
5537
6608
8502
7595
1627
4846
9862
7176
6254
7122
3171
5850
4302
8356
8637
4865
4430
3388
4691
8196
7314
4379
5041
8121
9409
8354
7093
6981
8997
4755
4679
4922
5082
1310
5384
4130
3122
8595
1482
2976
7716
4010
8327
7604
1105
3394
2354
7718
2166
1385
8614
7589
4414
3788
3946
5178
9576
3464
6770
3755
5156
4861
9864
6762
3567
9462
6694
2871
6395
3756
3013
4877
5676
2510
5802
9195
3144
8603
4896
9340
3624
8511
4832
9777
5142
7395
3609
6654
8243
3956
5596
1512
9271
1739
2930
9042
4069
9603
5872
1089
8057
7123
3591
8868
5554
3794
8238
5130
4394
6422
1049
9177
1601
4348
5517
8741
9458
7964
6851
3309
2156
2124
2002
5985
1993
2760
7818
2977
6518
7748
4621
8972
5227
3708
1304
9738
5598
1129
1982
7035
2812
2083
1275
5084
4681
2013
4762
9168
4611
2648
5518
6442
5663
7751
1302
9686
4872
4715
1868
2338
8258
4452
9472
5570
1021
4970
4891
2420
1460
3045
9559
3925
7979
8930
7180
9655
2336
3015